202 101
1 101 102 143 188 197 
1 2 103 144 189 198 
2 3 104 145 190 199 
3 4 105 146 191 200 
4 5 106 147 192 201 
5 6 107 148 193 202 
6 7 102 108 149 194 
7 8 103 109 150 195 
8 9 104 110 151 196 
9 10 105 111 152 197 
10 11 106 112 153 198 
11 12 107 113 154 199 
12 13 108 114 155 200 
13 14 109 115 156 201 
14 15 110 116 157 202 
15 16 102 111 117 158 
16 17 103 112 118 159 
17 18 104 113 119 160 
18 19 105 114 120 161 
19 20 106 115 121 162 
20 21 107 116 122 163 
21 22 108 117 123 164 
22 23 109 118 124 165 
23 24 110 119 125 166 
24 25 111 120 126 167 
25 26 112 121 127 168 
26 27 113 122 128 169 
27 28 114 123 129 170 
28 29 115 124 130 171 
29 30 116 125 131 172 
30 31 117 126 132 173 
31 32 118 127 133 174 
32 33 119 128 134 175 
33 34 120 129 135 176 
34 35 121 130 136 177 
35 36 122 131 137 178 
36 37 123 132 138 179 
37 38 124 133 139 180 
38 39 125 134 140 181 
39 40 126 135 141 182 
40 41 127 136 142 183 
41 42 128 137 143 184 
42 43 129 138 144 185 
43 44 130 139 145 186 
44 45 131 140 146 187 
45 46 132 141 147 188 
46 47 133 142 148 189 
47 48 134 143 149 190 
48 49 135 144 150 191 
49 50 136 145 151 192 
50 51 137 146 152 193 
51 52 138 147 153 194 
52 53 139 148 154 195 
53 54 140 149 155 196 
54 55 141 150 156 197 
55 56 142 151 157 198 
56 57 143 152 158 199 
57 58 144 153 159 200 
58 59 145 154 160 201 
59 60 146 155 161 202 
60 61 102 147 156 162 
61 62 103 148 157 163 
62 63 104 149 158 164 
63 64 105 150 159 165 
64 65 106 151 160 166 
65 66 107 152 161 167 
66 67 108 153 162 168 
67 68 109 154 163 169 
68 69 110 155 164 170 
69 70 111 156 165 171 
70 71 112 157 166 172 
71 72 113 158 167 173 
72 73 114 159 168 174 
73 74 115 160 169 175 
74 75 116 161 170 176 
75 76 117 162 171 177 
76 77 118 163 172 178 
77 78 119 164 173 179 
78 79 120 165 174 180 
79 80 121 166 175 181 
80 81 122 167 176 182 
81 82 123 168 177 183 
82 83 124 169 178 184 
83 84 125 170 179 185 
84 85 126 171 180 186 
85 86 127 172 181 187 
86 87 128 173 182 188 
87 88 129 174 183 189 
88 89 130 175 184 190 
89 90 131 176 185 191 
90 91 132 177 186 192 
91 92 133 178 187 193 
92 93 134 179 188 194 
93 94 135 180 189 195 
94 95 136 181 190 196 
95 96 137 182 191 197 
96 97 138 183 192 198 
97 98 139 184 193 199 
98 99 140 185 194 200 
99 100 141 186 195 201 
100 101 142 187 196 202 
