202 101
1 13 102 103 
2 14 103 104 
3 15 104 105 
4 16 105 106 
5 17 106 107 
6 18 107 108 
7 19 108 109 
8 20 109 110 
9 21 110 111 
10 22 111 112 
11 23 112 113 
12 24 113 114 
13 25 114 115 
14 26 115 116 
15 27 116 117 
16 28 117 118 
17 29 118 119 
18 30 119 120 
19 31 120 121 
20 32 121 122 
21 33 122 123 
22 34 123 124 
23 35 124 125 
24 36 125 126 
25 37 126 127 
26 38 127 128 
27 39 128 129 
28 40 129 130 
29 41 130 131 
30 42 131 132 
31 43 132 133 
32 44 133 134 
33 45 134 135 
34 46 135 136 
35 47 136 137 
36 48 137 138 
37 49 138 139 
38 50 139 140 
39 51 140 141 
40 52 141 142 
41 53 142 143 
42 54 143 144 
43 55 144 145 
44 56 145 146 
45 57 146 147 
46 58 147 148 
47 59 148 149 
48 60 149 150 
49 61 150 151 
50 62 151 152 
51 63 152 153 
52 64 153 154 
53 65 154 155 
54 66 155 156 
55 67 156 157 
56 68 157 158 
57 69 158 159 
58 70 159 160 
59 71 160 161 
60 72 161 162 
61 73 162 163 
62 74 163 164 
63 75 164 165 
64 76 165 166 
65 77 166 167 
66 78 167 168 
67 79 168 169 
68 80 169 170 
69 81 170 171 
70 82 171 172 
71 83 172 173 
72 84 173 174 
73 85 174 175 
74 86 175 176 
75 87 176 177 
76 88 177 178 
77 89 178 179 
78 90 179 180 
79 91 180 181 
80 92 181 182 
81 93 182 183 
82 94 183 184 
83 95 184 185 
84 96 185 186 
85 97 186 187 
86 98 187 188 
87 99 188 189 
88 100 189 190 
89 101 190 191 
1 90 191 192 
2 91 192 193 
3 92 193 194 
4 93 194 195 
5 94 195 196 
6 95 196 197 
7 96 197 198 
8 97 198 199 
9 98 199 200 
10 99 200 201 
11 100 201 202 
12 101 102 202 
