106 53
1 9 54 55 
2 10 55 56 
3 11 56 57 
4 12 57 58 
5 13 58 59 
6 14 59 60 
7 15 60 61 
8 16 61 62 
9 17 62 63 
10 18 63 64 
11 19 64 65 
12 20 65 66 
13 21 66 67 
14 22 67 68 
15 23 68 69 
16 24 69 70 
17 25 70 71 
18 26 71 72 
19 27 72 73 
20 28 73 74 
21 29 74 75 
22 30 75 76 
23 31 76 77 
24 32 77 78 
25 33 78 79 
26 34 79 80 
27 35 80 81 
28 36 81 82 
29 37 82 83 
30 38 83 84 
31 39 84 85 
32 40 85 86 
33 41 86 87 
34 42 87 88 
35 43 88 89 
36 44 89 90 
37 45 90 91 
38 46 91 92 
39 47 92 93 
40 48 93 94 
41 49 94 95 
42 50 95 96 
43 51 96 97 
44 52 97 98 
45 53 98 99 
1 46 99 100 
2 47 100 101 
3 48 101 102 
4 49 102 103 
5 50 103 104 
6 51 104 105 
7 52 105 106 
8 53 54 106 
