202 101
1 7 16 61 102 103 
2 8 17 62 103 104 
3 9 18 63 104 105 
4 10 19 64 105 106 
5 11 20 65 106 107 
6 12 21 66 107 108 
7 13 22 67 108 109 
8 14 23 68 109 110 
9 15 24 69 110 111 
10 16 25 70 111 112 
11 17 26 71 112 113 
12 18 27 72 113 114 
13 19 28 73 114 115 
14 20 29 74 115 116 
15 21 30 75 116 117 
16 22 31 76 117 118 
17 23 32 77 118 119 
18 24 33 78 119 120 
19 25 34 79 120 121 
20 26 35 80 121 122 
21 27 36 81 122 123 
22 28 37 82 123 124 
23 29 38 83 124 125 
24 30 39 84 125 126 
25 31 40 85 126 127 
26 32 41 86 127 128 
27 33 42 87 128 129 
28 34 43 88 129 130 
29 35 44 89 130 131 
30 36 45 90 131 132 
31 37 46 91 132 133 
32 38 47 92 133 134 
33 39 48 93 134 135 
34 40 49 94 135 136 
35 41 50 95 136 137 
36 42 51 96 137 138 
37 43 52 97 138 139 
38 44 53 98 139 140 
39 45 54 99 140 141 
40 46 55 100 141 142 
41 47 56 101 142 143 
1 42 48 57 143 144 
2 43 49 58 144 145 
3 44 50 59 145 146 
4 45 51 60 146 147 
5 46 52 61 147 148 
6 47 53 62 148 149 
7 48 54 63 149 150 
8 49 55 64 150 151 
9 50 56 65 151 152 
10 51 57 66 152 153 
11 52 58 67 153 154 
12 53 59 68 154 155 
13 54 60 69 155 156 
14 55 61 70 156 157 
15 56 62 71 157 158 
16 57 63 72 158 159 
17 58 64 73 159 160 
18 59 65 74 160 161 
19 60 66 75 161 162 
20 61 67 76 162 163 
21 62 68 77 163 164 
22 63 69 78 164 165 
23 64 70 79 165 166 
24 65 71 80 166 167 
25 66 72 81 167 168 
26 67 73 82 168 169 
27 68 74 83 169 170 
28 69 75 84 170 171 
29 70 76 85 171 172 
30 71 77 86 172 173 
31 72 78 87 173 174 
32 73 79 88 174 175 
33 74 80 89 175 176 
34 75 81 90 176 177 
35 76 82 91 177 178 
36 77 83 92 178 179 
37 78 84 93 179 180 
38 79 85 94 180 181 
39 80 86 95 181 182 
40 81 87 96 182 183 
41 82 88 97 183 184 
42 83 89 98 184 185 
43 84 90 99 185 186 
44 85 91 100 186 187 
45 86 92 101 187 188 
1 46 87 93 188 189 
2 47 88 94 189 190 
3 48 89 95 190 191 
4 49 90 96 191 192 
5 50 91 97 192 193 
6 51 92 98 193 194 
7 52 93 99 194 195 
8 53 94 100 195 196 
9 54 95 101 196 197 
1 10 55 96 197 198 
2 11 56 97 198 199 
3 12 57 98 199 200 
4 13 58 99 200 201 
5 14 59 100 201 202 
6 15 60 101 102 202 
