166 83
1 6 14 28 84 85 
2 7 15 29 85 86 
3 8 16 30 86 87 
4 9 17 31 87 88 
5 10 18 32 88 89 
6 11 19 33 89 90 
7 12 20 34 90 91 
8 13 21 35 91 92 
9 14 22 36 92 93 
10 15 23 37 93 94 
11 16 24 38 94 95 
12 17 25 39 95 96 
13 18 26 40 96 97 
14 19 27 41 97 98 
15 20 28 42 98 99 
16 21 29 43 99 100 
17 22 30 44 100 101 
18 23 31 45 101 102 
19 24 32 46 102 103 
20 25 33 47 103 104 
21 26 34 48 104 105 
22 27 35 49 105 106 
23 28 36 50 106 107 
24 29 37 51 107 108 
25 30 38 52 108 109 
26 31 39 53 109 110 
27 32 40 54 110 111 
28 33 41 55 111 112 
29 34 42 56 112 113 
30 35 43 57 113 114 
31 36 44 58 114 115 
32 37 45 59 115 116 
33 38 46 60 116 117 
34 39 47 61 117 118 
35 40 48 62 118 119 
36 41 49 63 119 120 
37 42 50 64 120 121 
38 43 51 65 121 122 
39 44 52 66 122 123 
40 45 53 67 123 124 
41 46 54 68 124 125 
42 47 55 69 125 126 
43 48 56 70 126 127 
44 49 57 71 127 128 
45 50 58 72 128 129 
46 51 59 73 129 130 
47 52 60 74 130 131 
48 53 61 75 131 132 
49 54 62 76 132 133 
50 55 63 77 133 134 
51 56 64 78 134 135 
52 57 65 79 135 136 
53 58 66 80 136 137 
54 59 67 81 137 138 
55 60 68 82 138 139 
56 61 69 83 139 140 
1 57 62 70 140 141 
2 58 63 71 141 142 
3 59 64 72 142 143 
4 60 65 73 143 144 
5 61 66 74 144 145 
6 62 67 75 145 146 
7 63 68 76 146 147 
8 64 69 77 147 148 
9 65 70 78 148 149 
10 66 71 79 149 150 
11 67 72 80 150 151 
12 68 73 81 151 152 
13 69 74 82 152 153 
14 70 75 83 153 154 
1 15 71 76 154 155 
2 16 72 77 155 156 
3 17 73 78 156 157 
4 18 74 79 157 158 
5 19 75 80 158 159 
6 20 76 81 159 160 
7 21 77 82 160 161 
8 22 78 83 161 162 
1 9 23 79 162 163 
2 10 24 80 163 164 
3 11 25 81 164 165 
4 12 26 82 165 166 
5 13 27 83 84 166 
