202 101
1 101 102 191 
1 2 103 192 
2 3 104 193 
3 4 105 194 
4 5 106 195 
5 6 107 196 
6 7 108 197 
7 8 109 198 
8 9 110 199 
9 10 111 200 
10 11 112 201 
11 12 113 202 
12 13 102 114 
13 14 103 115 
14 15 104 116 
15 16 105 117 
16 17 106 118 
17 18 107 119 
18 19 108 120 
19 20 109 121 
20 21 110 122 
21 22 111 123 
22 23 112 124 
23 24 113 125 
24 25 114 126 
25 26 115 127 
26 27 116 128 
27 28 117 129 
28 29 118 130 
29 30 119 131 
30 31 120 132 
31 32 121 133 
32 33 122 134 
33 34 123 135 
34 35 124 136 
35 36 125 137 
36 37 126 138 
37 38 127 139 
38 39 128 140 
39 40 129 141 
40 41 130 142 
41 42 131 143 
42 43 132 144 
43 44 133 145 
44 45 134 146 
45 46 135 147 
46 47 136 148 
47 48 137 149 
48 49 138 150 
49 50 139 151 
50 51 140 152 
51 52 141 153 
52 53 142 154 
53 54 143 155 
54 55 144 156 
55 56 145 157 
56 57 146 158 
57 58 147 159 
58 59 148 160 
59 60 149 161 
60 61 150 162 
61 62 151 163 
62 63 152 164 
63 64 153 165 
64 65 154 166 
65 66 155 167 
66 67 156 168 
67 68 157 169 
68 69 158 170 
69 70 159 171 
70 71 160 172 
71 72 161 173 
72 73 162 174 
73 74 163 175 
74 75 164 176 
75 76 165 177 
76 77 166 178 
77 78 167 179 
78 79 168 180 
79 80 169 181 
80 81 170 182 
81 82 171 183 
82 83 172 184 
83 84 173 185 
84 85 174 186 
85 86 175 187 
86 87 176 188 
87 88 177 189 
88 89 178 190 
89 90 179 191 
90 91 180 192 
91 92 181 193 
92 93 182 194 
93 94 183 195 
94 95 184 196 
95 96 185 197 
96 97 186 198 
97 98 187 199 
98 99 188 200 
99 100 189 201 
100 101 190 202 
