166 83
1 83 84 156 
1 2 85 157 
2 3 86 158 
3 4 87 159 
4 5 88 160 
5 6 89 161 
6 7 90 162 
7 8 91 163 
8 9 92 164 
9 10 93 165 
10 11 94 166 
11 12 84 95 
12 13 85 96 
13 14 86 97 
14 15 87 98 
15 16 88 99 
16 17 89 100 
17 18 90 101 
18 19 91 102 
19 20 92 103 
20 21 93 104 
21 22 94 105 
22 23 95 106 
23 24 96 107 
24 25 97 108 
25 26 98 109 
26 27 99 110 
27 28 100 111 
28 29 101 112 
29 30 102 113 
30 31 103 114 
31 32 104 115 
32 33 105 116 
33 34 106 117 
34 35 107 118 
35 36 108 119 
36 37 109 120 
37 38 110 121 
38 39 111 122 
39 40 112 123 
40 41 113 124 
41 42 114 125 
42 43 115 126 
43 44 116 127 
44 45 117 128 
45 46 118 129 
46 47 119 130 
47 48 120 131 
48 49 121 132 
49 50 122 133 
50 51 123 134 
51 52 124 135 
52 53 125 136 
53 54 126 137 
54 55 127 138 
55 56 128 139 
56 57 129 140 
57 58 130 141 
58 59 131 142 
59 60 132 143 
60 61 133 144 
61 62 134 145 
62 63 135 146 
63 64 136 147 
64 65 137 148 
65 66 138 149 
66 67 139 150 
67 68 140 151 
68 69 141 152 
69 70 142 153 
70 71 143 154 
71 72 144 155 
72 73 145 156 
73 74 146 157 
74 75 147 158 
75 76 148 159 
76 77 149 160 
77 78 150 161 
78 79 151 162 
79 80 152 163 
80 81 153 164 
81 82 154 165 
82 83 155 166 
