166 83
1 83 84 140 154 162 
1 2 85 141 155 163 
2 3 86 142 156 164 
3 4 87 143 157 165 
4 5 88 144 158 166 
5 6 84 89 145 159 
6 7 85 90 146 160 
7 8 86 91 147 161 
8 9 87 92 148 162 
9 10 88 93 149 163 
10 11 89 94 150 164 
11 12 90 95 151 165 
12 13 91 96 152 166 
13 14 84 92 97 153 
14 15 85 93 98 154 
15 16 86 94 99 155 
16 17 87 95 100 156 
17 18 88 96 101 157 
18 19 89 97 102 158 
19 20 90 98 103 159 
20 21 91 99 104 160 
21 22 92 100 105 161 
22 23 93 101 106 162 
23 24 94 102 107 163 
24 25 95 103 108 164 
25 26 96 104 109 165 
26 27 97 105 110 166 
27 28 84 98 106 111 
28 29 85 99 107 112 
29 30 86 100 108 113 
30 31 87 101 109 114 
31 32 88 102 110 115 
32 33 89 103 111 116 
33 34 90 104 112 117 
34 35 91 105 113 118 
35 36 92 106 114 119 
36 37 93 107 115 120 
37 38 94 108 116 121 
38 39 95 109 117 122 
39 40 96 110 118 123 
40 41 97 111 119 124 
41 42 98 112 120 125 
42 43 99 113 121 126 
43 44 100 114 122 127 
44 45 101 115 123 128 
45 46 102 116 124 129 
46 47 103 117 125 130 
47 48 104 118 126 131 
48 49 105 119 127 132 
49 50 106 120 128 133 
50 51 107 121 129 134 
51 52 108 122 130 135 
52 53 109 123 131 136 
53 54 110 124 132 137 
54 55 111 125 133 138 
55 56 112 126 134 139 
56 57 113 127 135 140 
57 58 114 128 136 141 
58 59 115 129 137 142 
59 60 116 130 138 143 
60 61 117 131 139 144 
61 62 118 132 140 145 
62 63 119 133 141 146 
63 64 120 134 142 147 
64 65 121 135 143 148 
65 66 122 136 144 149 
66 67 123 137 145 150 
67 68 124 138 146 151 
68 69 125 139 147 152 
69 70 126 140 148 153 
70 71 127 141 149 154 
71 72 128 142 150 155 
72 73 129 143 151 156 
73 74 130 144 152 157 
74 75 131 145 153 158 
75 76 132 146 154 159 
76 77 133 147 155 160 
77 78 134 148 156 161 
78 79 135 149 157 162 
79 80 136 150 158 163 
80 81 137 151 159 164 
81 82 138 152 160 165 
82 83 139 153 161 166 
