106 53
1 53 54 90 102 105 
1 2 55 91 103 106 
2 3 54 56 92 104 
3 4 55 57 93 105 
4 5 56 58 94 106 
5 6 54 57 59 95 
6 7 55 58 60 96 
7 8 56 59 61 97 
8 9 57 60 62 98 
9 10 58 61 63 99 
10 11 59 62 64 100 
11 12 60 63 65 101 
12 13 61 64 66 102 
13 14 62 65 67 103 
14 15 63 66 68 104 
15 16 64 67 69 105 
16 17 65 68 70 106 
17 18 54 66 69 71 
18 19 55 67 70 72 
19 20 56 68 71 73 
20 21 57 69 72 74 
21 22 58 70 73 75 
22 23 59 71 74 76 
23 24 60 72 75 77 
24 25 61 73 76 78 
25 26 62 74 77 79 
26 27 63 75 78 80 
27 28 64 76 79 81 
28 29 65 77 80 82 
29 30 66 78 81 83 
30 31 67 79 82 84 
31 32 68 80 83 85 
32 33 69 81 84 86 
33 34 70 82 85 87 
34 35 71 83 86 88 
35 36 72 84 87 89 
36 37 73 85 88 90 
37 38 74 86 89 91 
38 39 75 87 90 92 
39 40 76 88 91 93 
40 41 77 89 92 94 
41 42 78 90 93 95 
42 43 79 91 94 96 
43 44 80 92 95 97 
44 45 81 93 96 98 
45 46 82 94 97 99 
46 47 83 95 98 100 
47 48 84 96 99 101 
48 49 85 97 100 102 
49 50 86 98 101 103 
50 51 87 99 102 104 
51 52 88 100 103 105 
52 53 89 101 104 106 
