106 53
1 53 54 99 
1 2 55 100 
2 3 56 101 
3 4 57 102 
4 5 58 103 
5 6 59 104 
6 7 60 105 
7 8 61 106 
8 9 54 62 
9 10 55 63 
10 11 56 64 
11 12 57 65 
12 13 58 66 
13 14 59 67 
14 15 60 68 
15 16 61 69 
16 17 62 70 
17 18 63 71 
18 19 64 72 
19 20 65 73 
20 21 66 74 
21 22 67 75 
22 23 68 76 
23 24 69 77 
24 25 70 78 
25 26 71 79 
26 27 72 80 
27 28 73 81 
28 29 74 82 
29 30 75 83 
30 31 76 84 
31 32 77 85 
32 33 78 86 
33 34 79 87 
34 35 80 88 
35 36 81 89 
36 37 82 90 
37 38 83 91 
38 39 84 92 
39 40 85 93 
40 41 86 94 
41 42 87 95 
42 43 88 96 
43 44 89 97 
44 45 90 98 
45 46 91 99 
46 47 92 100 
47 48 93 101 
48 49 94 102 
49 50 95 103 
50 51 96 104 
51 52 97 105 
52 53 98 106 
