58 29
1 29 30 49 56 58 
1 2 30 31 50 57 
2 3 31 32 51 58 
3 4 30 32 33 52 
4 5 31 33 34 53 
5 6 32 34 35 54 
6 7 33 35 36 55 
7 8 34 36 37 56 
8 9 35 37 38 57 
9 10 36 38 39 58 
10 11 30 37 39 40 
11 12 31 38 40 41 
12 13 32 39 41 42 
13 14 33 40 42 43 
14 15 34 41 43 44 
15 16 35 42 44 45 
16 17 36 43 45 46 
17 18 37 44 46 47 
18 19 38 45 47 48 
19 20 39 46 48 49 
20 21 40 47 49 50 
21 22 41 48 50 51 
22 23 42 49 51 52 
23 24 43 50 52 53 
24 25 44 51 53 54 
25 26 45 52 54 55 
26 27 46 53 55 56 
27 28 47 54 56 57 
28 29 48 55 57 58 
