58 29
1 2 4 11 30 31 
2 3 5 12 31 32 
3 4 6 13 32 33 
4 5 7 14 33 34 
5 6 8 15 34 35 
6 7 9 16 35 36 
7 8 10 17 36 37 
8 9 11 18 37 38 
9 10 12 19 38 39 
10 11 13 20 39 40 
11 12 14 21 40 41 
12 13 15 22 41 42 
13 14 16 23 42 43 
14 15 17 24 43 44 
15 16 18 25 44 45 
16 17 19 26 45 46 
17 18 20 27 46 47 
18 19 21 28 47 48 
19 20 22 29 48 49 
1 20 21 23 49 50 
2 21 22 24 50 51 
3 22 23 25 51 52 
4 23 24 26 52 53 
5 24 25 27 53 54 
6 25 26 28 54 55 
7 26 27 29 55 56 
1 8 27 28 56 57 
2 9 28 29 57 58 
1 3 10 29 30 58 
