166 83
1 12 84 85 
2 13 85 86 
3 14 86 87 
4 15 87 88 
5 16 88 89 
6 17 89 90 
7 18 90 91 
8 19 91 92 
9 20 92 93 
10 21 93 94 
11 22 94 95 
12 23 95 96 
13 24 96 97 
14 25 97 98 
15 26 98 99 
16 27 99 100 
17 28 100 101 
18 29 101 102 
19 30 102 103 
20 31 103 104 
21 32 104 105 
22 33 105 106 
23 34 106 107 
24 35 107 108 
25 36 108 109 
26 37 109 110 
27 38 110 111 
28 39 111 112 
29 40 112 113 
30 41 113 114 
31 42 114 115 
32 43 115 116 
33 44 116 117 
34 45 117 118 
35 46 118 119 
36 47 119 120 
37 48 120 121 
38 49 121 122 
39 50 122 123 
40 51 123 124 
41 52 124 125 
42 53 125 126 
43 54 126 127 
44 55 127 128 
45 56 128 129 
46 57 129 130 
47 58 130 131 
48 59 131 132 
49 60 132 133 
50 61 133 134 
51 62 134 135 
52 63 135 136 
53 64 136 137 
54 65 137 138 
55 66 138 139 
56 67 139 140 
57 68 140 141 
58 69 141 142 
59 70 142 143 
60 71 143 144 
61 72 144 145 
62 73 145 146 
63 74 146 147 
64 75 147 148 
65 76 148 149 
66 77 149 150 
67 78 150 151 
68 79 151 152 
69 80 152 153 
70 81 153 154 
71 82 154 155 
72 83 155 156 
1 73 156 157 
2 74 157 158 
3 75 158 159 
4 76 159 160 
5 77 160 161 
6 78 161 162 
7 79 162 163 
8 80 163 164 
9 81 164 165 
10 82 165 166 
11 83 84 166 
