106 53
1 3 6 18 54 55 
2 4 7 19 55 56 
3 5 8 20 56 57 
4 6 9 21 57 58 
5 7 10 22 58 59 
6 8 11 23 59 60 
7 9 12 24 60 61 
8 10 13 25 61 62 
9 11 14 26 62 63 
10 12 15 27 63 64 
11 13 16 28 64 65 
12 14 17 29 65 66 
13 15 18 30 66 67 
14 16 19 31 67 68 
15 17 20 32 68 69 
16 18 21 33 69 70 
17 19 22 34 70 71 
18 20 23 35 71 72 
19 21 24 36 72 73 
20 22 25 37 73 74 
21 23 26 38 74 75 
22 24 27 39 75 76 
23 25 28 40 76 77 
24 26 29 41 77 78 
25 27 30 42 78 79 
26 28 31 43 79 80 
27 29 32 44 80 81 
28 30 33 45 81 82 
29 31 34 46 82 83 
30 32 35 47 83 84 
31 33 36 48 84 85 
32 34 37 49 85 86 
33 35 38 50 86 87 
34 36 39 51 87 88 
35 37 40 52 88 89 
36 38 41 53 89 90 
1 37 39 42 90 91 
2 38 40 43 91 92 
3 39 41 44 92 93 
4 40 42 45 93 94 
5 41 43 46 94 95 
6 42 44 47 95 96 
7 43 45 48 96 97 
8 44 46 49 97 98 
9 45 47 50 98 99 
10 46 48 51 99 100 
11 47 49 52 100 101 
12 48 50 53 101 102 
1 13 49 51 102 103 
2 14 50 52 103 104 
3 15 51 53 104 105 
1 4 16 52 105 106 
2 5 17 53 54 106 
