204 102
26	167	28	173	65	135
28	109	44	166	59	105
62	191	30	110	96	203
86	173	8	162	32	180
19	127	31	112	24	144
95	155	68	149	79	198
42	156	23	157	71	204
32	138	89	161	55	109
5	190	14	123	89	194
83	146	5	182	90	167
57	186	16	141	37	200
73	174	96	194	85	115
44	150	88	138	102	178
58	116	100	104	61	190
15	176	49	142	50	130
100	148	79	197	46	125
3	203	35	103	81	162
38	177	21	172	11	114
79	165	19	139	57	138
87	130	54	143	76	191
21	178	62	136	41	134
18	118	20	167	16	104
41	112	63	131	28	181
56	115	17	152	4	177
40	133	94	170	83	164
94	145	36	185	2	107
53	196	52	121	86	128
31	188	34	124	73	119
14	193	42	168	98	179
74	139	41	174	30	196
20	160	65	114	68	157
102	108	101	151	25	175
29	161	45	127	14	126
101	182	39	189	15	155
90	113	50	144	7	143
24	202	48	191	33	156
47	114	40	163	39	127
7	153	55	203	26	129
84	107	7	159	43	189
10	123	83	117	42	151
60	199	15	187	19	184
75	120	102	130	92	111
27	194	64	201	20	159
35	143	18	183	6	117
49	187	2	171	64	103
89	147	90	196	63	153
64	151	4	176	70	154
17	159	92	153	35	108
46	105	80	119	22	165
48	152	57	180	38	113
99	134	22	155	45	139
72	104	53	129	5	132
33	201	91	105	56	133
71	179	67	148	47	110
45	122	59	111	3	176
37	157	32	137	21	116
51	180	95	107	49	172
70	172	78	198	94	140
69	197	66	177	62	145
8	131	99	108	18	106
97	124	29	128	69	158
6	198	76	135	60	112
2	119	6	195	9	118
63	168	46	150	93	160
96	129	86	186	13	169
92	136	47	133	97	171
85	132	24	165	95	123
54	128	38	156	10	141
30	158	37	147	82	166
81	169	60	193	101	173
43	111	13	160	52	188
39	103	84	145	80	174
1	184	70	132	75	195
4	144	85	118	36	149
16	137	25	122	27	202
59	125	33	106	40	192
13	164	3	134	31	148
61	195	43	109	51	120
23	162	26	202	72	182
77	185	10	204	100	193
98	135	11	178	1	201
9	175	27	190	84	185
22	192	58	188	29	137
25	170	1	115	66	131
66	189	87	154	77	121
12	154	61	192	99	197
93	166	71	164	54	187
50	126	12	146	23	168
55	142	93	175	48	183
82	181	73	140	87	152
11	149	97	169	78	199
36	110	81	158	88	186
68	183	82	200	91	161
67	117	56	181	53	146
65	106	69	126	17	163
34	200	77	120	44	136
91	141	72	116	74	124
52	163	9	199	58	142
80	171	74	113	12	122
78	204	75	179	8	147
76	121	98	125	67	150
88	140	51	184	34	170